-2815.000000 1.000000
-2810.000000 1.000000
-2805.000000 0.948052
-2800.000000 0.908397
-2795.000000 0.888325
-2790.000000 0.870588
-2785.000000 0.784119
-2780.000000 0.679389
-2775.000000 0.669065
-2770.000000 0.608782
-2765.000000 0.475442
-2760.000000 0.392544
-2755.000000 0.309339
-2750.000000 0.242215
-2745.000000 0.131796
-2740.000000 0.097357
-2735.000000 0.036364
-2730.000000 0.017910
-2725.000000 0.013223
-2720.000000 0.015748
-2715.000000 0.012195
-2710.000000 0.008677
-2705.000000 0.000000
-2700.000000 0.000000
-2695.000000 0.000000
-2690.000000 0.000000
-2685.000000 0.000000
-2680.000000 0.000000
-2675.000000 0.000000
-2670.000000 0.000000
-2665.000000 0.000000
-2660.000000 0.000000
-2655.000000 0.000000
-2650.000000 0.000000
-2645.000000 0.000000
-2640.000000 0.000000
-2635.000000 0.000000
-2630.000000 0.000000
-2625.000000 0.000000
-2620.000000 0.000000
-2615.000000 0.000000
-2610.000000 0.000000
-2605.000000 0.000000
-2600.000000 0.000000
-2595.000000 0.000000
-2590.000000 0.000000
-2585.000000 0.000000
-2580.000000 0.000000
-2575.000000 0.000000
-2570.000000 0.000000
-2565.000000 0.000000
-2560.000000 0.000000
-2555.000000 0.000000
-2550.000000 0.000000
-2545.000000 0.000000
-2540.000000 0.000000
-2535.000000 0.000000
-2530.000000 0.000000
-2525.000000 0.000000
-2520.000000 0.000000
-2515.000000 0.000000
-2510.000000 0.000000
-2505.000000 0.000000
-2500.000000 0.000000
-2495.000000 0.000000
-2490.000000 0.000000
-2485.000000 0.000000
-2480.000000 0.000000
-2475.000000 0.000000
-2470.000000 0.000000
-2465.000000 0.000000
-2460.000000 0.000000
-2455.000000 0.000000
-2450.000000 0.000000
-2445.000000 0.000000
-2440.000000 0.000000
-2435.000000 0.000000
-2430.000000 0.000000
-2425.000000 0.000000
-2420.000000 0.000000
-2415.000000 0.000000
-2410.000000 0.000000
-2405.000000 0.000000
-2400.000000 0.000000
-2395.000000 0.000000
-2390.000000 0.000000
-2385.000000 0.000000
-2380.000000 0.000000
-2375.000000 0.000000
-2370.000000 0.000000
-2365.000000 0.000000
-2360.000000 0.000000
-2355.000000 0.000000
-2350.000000 nan
-2345.000000 nan
-2340.000000 nan
-2335.000000 nan
-2330.000000 nan
-2325.000000 nan
-2320.000000 nan
-2315.000000 nan
-2310.000000 nan
-2305.000000 nan
-2300.000000 nan
-2295.000000 nan
-2290.000000 nan
-2285.000000 nan
-2280.000000 nan
-2275.000000 nan
-2270.000000 nan
-2265.000000 nan
-2260.000000 nan
-2255.000000 nan
-2250.000000 nan
-2245.000000 nan
-2240.000000 0.000000
-2235.000000 0.000000
-2230.000000 0.000000
-2225.000000 0.000000
-2220.000000 0.000000
-2215.000000 0.000000
-2210.000000 0.000000
-2205.000000 0.000000
-2200.000000 0.000000
-2195.000000 0.000000
-2190.000000 0.000000
-2185.000000 0.000000
-2180.000000 0.000000
-2175.000000 0.000000
-2170.000000 0.000000
-2165.000000 0.000000
-2160.000000 0.000000
-2155.000000 0.000000
-2150.000000 0.000000
-2145.000000 0.000000
-2140.000000 0.000000
-2135.000000 0.000000
-2130.000000 0.000000
-2125.000000 0.000000
-2120.000000 0.000000
-2115.000000 0.000000
-2110.000000 0.000000
-2105.000000 0.000000
-2100.000000 0.000000
-2095.000000 0.000000
-2090.000000 0.000000
-2085.000000 0.000000
-2080.000000 0.000000
-2075.000000 0.000000
-2070.000000 0.000000
-2065.000000 0.000000
-2060.000000 0.000000
-2055.000000 0.000000
-2050.000000 0.000000
-2045.000000 0.000000
-2040.000000 0.000000
-2035.000000 0.000000
-2030.000000 0.000000
-2025.000000 0.000000

-2815.000000 0.000000
-2810.000000 0.000000
-2805.000000 0.051948
-2800.000000 0.091603
-2795.000000 0.111675
-2790.000000 0.121569
-2785.000000 0.198511
-2780.000000 0.280534
-2775.000000 0.276978
-2770.000000 0.321357
-2765.000000 0.390963
-2760.000000 0.401316
-2755.000000 0.451362
-2750.000000 0.406574
-2745.000000 0.406919
-2740.000000 0.354659
-2735.000000 0.397203
-2730.000000 0.367164
-2725.000000 0.292562
-2720.000000 0.220472
-2715.000000 0.160569
-2710.000000 0.078091
-2705.000000 0.042831
-2700.000000 0.032787
-2695.000000 0.049822
-2690.000000 0.022044
-2685.000000 0.018000
-2680.000000 0.014113
-2675.000000 0.006696
-2670.000000 0.011287
-2665.000000 0.000000
-2660.000000 0.000000
-2655.000000 0.000000
-2650.000000 0.000000
-2645.000000 0.000000
-2640.000000 0.000000
-2635.000000 0.000000
-2630.000000 0.000000
-2625.000000 0.000000
-2620.000000 0.000000
-2615.000000 0.000000
-2610.000000 0.000000
-2605.000000 0.000000
-2600.000000 0.000000
-2595.000000 0.000000
-2590.000000 0.000000
-2585.000000 0.000000
-2580.000000 0.000000
-2575.000000 0.000000
-2570.000000 0.000000
-2565.000000 0.000000
-2560.000000 0.000000
-2555.000000 0.000000
-2550.000000 0.000000
-2545.000000 0.000000
-2540.000000 0.000000
-2535.000000 0.000000
-2530.000000 0.000000
-2525.000000 0.000000
-2520.000000 0.000000
-2515.000000 0.000000
-2510.000000 0.000000
-2505.000000 0.000000
-2500.000000 0.000000
-2495.000000 0.000000
-2490.000000 0.000000
-2485.000000 0.000000
-2480.000000 0.000000
-2475.000000 0.000000
-2470.000000 0.000000
-2465.000000 0.000000
-2460.000000 0.000000
-2455.000000 0.000000
-2450.000000 0.000000
-2445.000000 0.000000
-2440.000000 0.000000
-2435.000000 0.000000
-2430.000000 0.000000
-2425.000000 0.000000
-2420.000000 0.000000
-2415.000000 0.000000
-2410.000000 0.000000
-2405.000000 0.000000
-2400.000000 0.000000
-2395.000000 0.000000
-2390.000000 0.000000
-2385.000000 0.000000
-2380.000000 0.000000
-2375.000000 0.000000
-2370.000000 0.000000
-2365.000000 0.000000
-2360.000000 0.000000
-2355.000000 0.000000
-2350.000000 nan
-2345.000000 nan
-2340.000000 nan
-2335.000000 nan
-2330.000000 nan
-2325.000000 nan
-2320.000000 nan
-2315.000000 nan
-2310.000000 nan
-2305.000000 nan
-2300.000000 nan
-2295.000000 nan
-2290.000000 nan
-2285.000000 nan
-2280.000000 nan
-2275.000000 nan
-2270.000000 nan
-2265.000000 nan
-2260.000000 nan
-2255.000000 nan
-2250.000000 nan
-2245.000000 nan
-2240.000000 0.000000
-2235.000000 0.000000
-2230.000000 0.000000
-2225.000000 0.000000
-2220.000000 0.000000
-2215.000000 0.000000
-2210.000000 0.000000
-2205.000000 0.000000
-2200.000000 0.000000
-2195.000000 0.000000
-2190.000000 0.000000
-2185.000000 0.000000
-2180.000000 0.000000
-2175.000000 0.000000
-2170.000000 0.000000
-2165.000000 0.000000
-2160.000000 0.000000
-2155.000000 0.000000
-2150.000000 0.000000
-2145.000000 0.000000
-2140.000000 0.000000
-2135.000000 0.000000
-2130.000000 0.000000
-2125.000000 0.000000
-2120.000000 0.000000
-2115.000000 0.000000
-2110.000000 0.000000
-2105.000000 0.000000
-2100.000000 0.000000
-2095.000000 0.000000
-2090.000000 0.000000
-2085.000000 0.000000
-2080.000000 0.000000
-2075.000000 0.000000
-2070.000000 0.000000
-2065.000000 0.000000
-2060.000000 0.000000
-2055.000000 0.000000
-2050.000000 0.000000
-2045.000000 0.000000
-2040.000000 0.000000
-2035.000000 0.000000
-2030.000000 0.000000
-2025.000000 0.000000

-2815.000000 0.000000
-2810.000000 0.000000
-2805.000000 0.000000
-2800.000000 0.000000
-2795.000000 0.000000
-2790.000000 0.007843
-2785.000000 0.014888
-2780.000000 0.032443
-2775.000000 0.048561
-2770.000000 0.061876
-2765.000000 0.125737
-2760.000000 0.201754
-2755.000000 0.235409
-2750.000000 0.340830
-2745.000000 0.380560
-2740.000000 0.438108
-2735.000000 0.408392
-2730.000000 0.402985
-2725.000000 0.395041
-2720.000000 0.322835
-2715.000000 0.302846
-2710.000000 0.253796
-2705.000000 0.240223
-2700.000000 0.220401
-2695.000000 0.188612
-2690.000000 0.142285
-2685.000000 0.148000
-2680.000000 0.125000
-2675.000000 0.111607
-2670.000000 0.047404
-2665.000000 0.008565
-2660.000000 0.005859
-2655.000000 0.007449
-2650.000000 0.000000
-2645.000000 0.002247
-2640.000000 0.000000
-2635.000000 0.000000
-2630.000000 0.000000
-2625.000000 0.000000
-2620.000000 0.000000
-2615.000000 0.000000
-2610.000000 0.004167
-2605.000000 0.002119
-2600.000000 0.004515
-2595.000000 0.010667
-2590.000000 0.006431
-2585.000000 0.009434
-2580.000000 0.012563
-2575.000000 0.000000
-2570.000000 0.002445
-2565.000000 0.000000
-2560.000000 0.000000
-2555.000000 0.000000
-2550.000000 0.000000
-2545.000000 0.000000
-2540.000000 0.000000
-2535.000000 0.000000
-2530.000000 0.000000
-2525.000000 0.000000
-2520.000000 0.000000
-2515.000000 0.000000
-2510.000000 0.000000
-2505.000000 0.000000
-2500.000000 0.000000
-2495.000000 0.000000
-2490.000000 0.000000
-2485.000000 0.000000
-2480.000000 0.000000
-2475.000000 0.000000
-2470.000000 0.000000
-2465.000000 0.000000
-2460.000000 0.000000
-2455.000000 0.000000
-2450.000000 0.000000
-2445.000000 0.000000
-2440.000000 0.000000
-2435.000000 0.000000
-2430.000000 0.000000
-2425.000000 0.000000
-2420.000000 0.000000
-2415.000000 0.000000
-2410.000000 0.000000
-2405.000000 0.000000
-2400.000000 0.000000
-2395.000000 0.000000
-2390.000000 0.000000
-2385.000000 0.000000
-2380.000000 0.000000
-2375.000000 0.000000
-2370.000000 0.000000
-2365.000000 0.000000
-2360.000000 0.000000
-2355.000000 0.000000
-2350.000000 nan
-2345.000000 nan
-2340.000000 nan
-2335.000000 nan
-2330.000000 nan
-2325.000000 nan
-2320.000000 nan
-2315.000000 nan
-2310.000000 nan
-2305.000000 nan
-2300.000000 nan
-2295.000000 nan
-2290.000000 nan
-2285.000000 nan
-2280.000000 nan
-2275.000000 nan
-2270.000000 nan
-2265.000000 nan
-2260.000000 nan
-2255.000000 nan
-2250.000000 nan
-2245.000000 nan
-2240.000000 0.000000
-2235.000000 0.000000
-2230.000000 0.000000
-2225.000000 0.000000
-2220.000000 0.000000
-2215.000000 0.000000
-2210.000000 0.000000
-2205.000000 0.000000
-2200.000000 0.000000
-2195.000000 0.000000
-2190.000000 0.000000
-2185.000000 0.000000
-2180.000000 0.000000
-2175.000000 0.000000
-2170.000000 0.000000
-2165.000000 0.000000
-2160.000000 0.000000
-2155.000000 0.000000
-2150.000000 0.000000
-2145.000000 0.000000
-2140.000000 0.000000
-2135.000000 0.000000
-2130.000000 0.000000
-2125.000000 0.000000
-2120.000000 0.000000
-2115.000000 0.000000
-2110.000000 0.000000
-2105.000000 0.000000
-2100.000000 0.000000
-2095.000000 0.000000
-2090.000000 0.000000
-2085.000000 0.000000
-2080.000000 0.000000
-2075.000000 0.000000
-2070.000000 0.000000
-2065.000000 0.000000
-2060.000000 0.000000
-2055.000000 0.000000
-2050.000000 0.000000
-2045.000000 0.000000
-2040.000000 0.000000
-2035.000000 0.000000
-2030.000000 0.000000
-2025.000000 0.000000

-2815.000000 0.000000
-2810.000000 0.000000
-2805.000000 0.000000
-2800.000000 0.000000
-2795.000000 0.000000
-2790.000000 0.000000
-2785.000000 0.002481
-2780.000000 0.007634
-2775.000000 0.005396
-2770.000000 0.007984
-2765.000000 0.007859
-2760.000000 0.004386
-2755.000000 0.003891
-2750.000000 0.008651
-2745.000000 0.065898
-2740.000000 0.086231
-2735.000000 0.127273
-2730.000000 0.162687
-2725.000000 0.236364
-2720.000000 0.338583
-2715.000000 0.390244
-2710.000000 0.455531
-2705.000000 0.506518
-2700.000000 0.491803
-2695.000000 0.500000
-2690.000000 0.460922
-2685.000000 0.418000
-2680.000000 0.391129
-2675.000000 0.303571
-2670.000000 0.209932
-2665.000000 0.143469
-2660.000000 0.130859
-2655.000000 0.089385
-2650.000000 0.084211
-2645.000000 0.058427
-2640.000000 0.016194
-2635.000000 0.010163
-2630.000000 0.007177
-2625.000000 0.006329
-2620.000000 0.003788
-2615.000000 0.002415
-2610.000000 0.002083
-2605.000000 0.000000
-2600.000000 0.000000
-2595.000000 0.000000
-2590.000000 0.000000
-2585.000000 0.000000
-2580.000000 0.000000
-2575.000000 0.000000
-2570.000000 0.000000
-2565.000000 0.000000
-2560.000000 0.000000
-2555.000000 0.000000
-2550.000000 0.000000
-2545.000000 0.000000
-2540.000000 0.000000
-2535.000000 0.000000
-2530.000000 0.000000
-2525.000000 0.000000
-2520.000000 0.000000
-2515.000000 0.000000
-2510.000000 0.000000
-2505.000000 0.000000
-2500.000000 0.000000
-2495.000000 0.000000
-2490.000000 0.000000
-2485.000000 0.000000
-2480.000000 0.000000
-2475.000000 0.000000
-2470.000000 0.000000
-2465.000000 0.000000
-2460.000000 0.000000
-2455.000000 0.000000
-2450.000000 0.000000
-2445.000000 0.000000
-2440.000000 0.000000
-2435.000000 0.000000
-2430.000000 0.000000
-2425.000000 0.000000
-2420.000000 0.000000
-2415.000000 0.000000
-2410.000000 0.000000
-2405.000000 0.000000
-2400.000000 0.000000
-2395.000000 0.000000
-2390.000000 0.000000
-2385.000000 0.000000
-2380.000000 0.000000
-2375.000000 0.000000
-2370.000000 0.000000
-2365.000000 0.000000
-2360.000000 0.000000
-2355.000000 0.000000
-2350.000000 nan
-2345.000000 nan
-2340.000000 nan
-2335.000000 nan
-2330.000000 nan
-2325.000000 nan
-2320.000000 nan
-2315.000000 nan
-2310.000000 nan
-2305.000000 nan
-2300.000000 nan
-2295.000000 nan
-2290.000000 nan
-2285.000000 nan
-2280.000000 nan
-2275.000000 nan
-2270.000000 nan
-2265.000000 nan
-2260.000000 nan
-2255.000000 nan
-2250.000000 nan
-2245.000000 nan
-2240.000000 0.000000
-2235.000000 0.000000
-2230.000000 0.000000
-2225.000000 0.000000
-2220.000000 0.000000
-2215.000000 0.000000
-2210.000000 0.000000
-2205.000000 0.000000
-2200.000000 0.000000
-2195.000000 0.000000
-2190.000000 0.000000
-2185.000000 0.000000
-2180.000000 0.000000
-2175.000000 0.000000
-2170.000000 0.000000
-2165.000000 0.000000
-2160.000000 0.000000
-2155.000000 0.000000
-2150.000000 0.000000
-2145.000000 0.000000
-2140.000000 0.000000
-2135.000000 0.000000
-2130.000000 0.000000
-2125.000000 0.000000
-2120.000000 0.000000
-2115.000000 0.000000
-2110.000000 0.000000
-2105.000000 0.000000
-2100.000000 0.000000
-2095.000000 0.000000
-2090.000000 0.000000
-2085.000000 0.000000
-2080.000000 0.000000
-2075.000000 0.000000
-2070.000000 0.000000
-2065.000000 0.000000
-2060.000000 0.000000
-2055.000000 0.000000
-2050.000000 0.000000
-2045.000000 0.000000
-2040.000000 0.000000
-2035.000000 0.000000
-2030.000000 0.000000
-2025.000000 0.000000

-2815.000000 0.000000
-2810.000000 0.000000
-2805.000000 0.000000
-2800.000000 0.000000
-2795.000000 0.000000
-2790.000000 0.000000
-2785.000000 0.000000
-2780.000000 0.000000
-2775.000000 0.000000
-2770.000000 0.000000
-2765.000000 0.000000
-2760.000000 0.000000
-2755.000000 0.000000
-2750.000000 0.000000
-2745.000000 0.006590
-2740.000000 0.019471
-2735.000000 0.025175
-2730.000000 0.043284
-2725.000000 0.061157
-2720.000000 0.092520
-2715.000000 0.111789
-2710.000000 0.193059
-2705.000000 0.197393
-2700.000000 0.242259
-2695.000000 0.225979
-2690.000000 0.288577
-2685.000000 0.316000
-2680.000000 0.328629
-2675.000000 0.412946
-2670.000000 0.474041
-2665.000000 0.473233
-2660.000000 0.416016
-2655.000000 0.409683
-2650.000000 0.425263
-2645.000000 0.303371
-2640.000000 0.190283
-2635.000000 0.180894
-2630.000000 0.172249
-2625.000000 0.116034
-2620.000000 0.121212
-2615.000000 0.099034
-2610.000000 0.050000
-2605.000000 0.063559
-2600.000000 0.040632
-2595.000000 0.008000
-2590.000000 0.000000
-2585.000000 0.000000
-2580.000000 0.000000
-2575.000000 0.000000
-2570.000000 0.000000
-2565.000000 0.000000
-2560.000000 0.000000
-2555.000000 0.000000
-2550.000000 0.000000
-2545.000000 0.000000
-2540.000000 0.000000
-2535.000000 0.000000
-2530.000000 0.000000
-2525.000000 0.000000
-2520.000000 0.000000
-2515.000000 0.000000
-2510.000000 0.000000
-2505.000000 0.000000
-2500.000000 0.000000
-2495.000000 0.000000
-2490.000000 0.000000
-2485.000000 0.000000
-2480.000000 0.000000
-2475.000000 0.000000
-2470.000000 0.000000
-2465.000000 0.000000
-2460.000000 0.000000
-2455.000000 0.000000
-2450.000000 0.000000
-2445.000000 0.000000
-2440.000000 0.000000
-2435.000000 0.000000
-2430.000000 0.000000
-2425.000000 0.000000
-2420.000000 0.000000
-2415.000000 0.000000
-2410.000000 0.000000
-2405.000000 0.000000
-2400.000000 0.000000
-2395.000000 0.000000
-2390.000000 0.000000
-2385.000000 0.000000
-2380.000000 0.000000
-2375.000000 0.000000
-2370.000000 0.000000
-2365.000000 0.000000
-2360.000000 0.000000
-2355.000000 0.000000
-2350.000000 nan
-2345.000000 nan
-2340.000000 nan
-2335.000000 nan
-2330.000000 nan
-2325.000000 nan
-2320.000000 nan
-2315.000000 nan
-2310.000000 nan
-2305.000000 nan
-2300.000000 nan
-2295.000000 nan
-2290.000000 nan
-2285.000000 nan
-2280.000000 nan
-2275.000000 nan
-2270.000000 nan
-2265.000000 nan
-2260.000000 nan
-2255.000000 nan
-2250.000000 nan
-2245.000000 nan
-2240.000000 0.000000
-2235.000000 0.000000
-2230.000000 0.000000
-2225.000000 0.000000
-2220.000000 0.000000
-2215.000000 0.000000
-2210.000000 0.000000
-2205.000000 0.000000
-2200.000000 0.000000
-2195.000000 0.000000
-2190.000000 0.000000
-2185.000000 0.000000
-2180.000000 0.000000
-2175.000000 0.000000
-2170.000000 0.000000
-2165.000000 0.000000
-2160.000000 0.000000
-2155.000000 0.000000
-2150.000000 0.000000
-2145.000000 0.000000
-2140.000000 0.000000
-2135.000000 0.000000
-2130.000000 0.000000
-2125.000000 0.000000
-2120.000000 0.000000
-2115.000000 0.000000
-2110.000000 0.000000
-2105.000000 0.000000
-2100.000000 0.000000
-2095.000000 0.000000
-2090.000000 0.000000
-2085.000000 0.000000
-2080.000000 0.000000
-2075.000000 0.000000
-2070.000000 0.000000
-2065.000000 0.000000
-2060.000000 0.000000
-2055.000000 0.000000
-2050.000000 0.000000
-2045.000000 0.000000
-2040.000000 0.000000
-2035.000000 0.000000
-2030.000000 0.000000
-2025.000000 0.000000

-2815.000000 0.000000
-2810.000000 0.000000
-2805.000000 0.000000
-2800.000000 0.000000
-2795.000000 0.000000
-2790.000000 0.000000
-2785.000000 0.000000
-2780.000000 0.000000
-2775.000000 0.000000
-2770.000000 0.000000
-2765.000000 0.000000
-2760.000000 0.000000
-2755.000000 0.000000
-2750.000000 0.001730
-2745.000000 0.008237
-2740.000000 0.004172
-2735.000000 0.005594
-2730.000000 0.005970
-2725.000000 0.001653
-2720.000000 0.005906
-2715.000000 0.010163
-2710.000000 0.008677
-2705.000000 0.007449
-2700.000000 0.010929
-2695.000000 0.026690
-2690.000000 0.074148
-2685.000000 0.076000
-2680.000000 0.129032
-2675.000000 0.165179
-2670.000000 0.246050
-2665.000000 0.297645
-2660.000000 0.341797
-2655.000000 0.394786
-2650.000000 0.385263
-2645.000000 0.514607
-2640.000000 0.585020
-2635.000000 0.548780
-2630.000000 0.444976
-2625.000000 0.367089
-2620.000000 0.331439
-2615.000000 0.258454
-2610.000000 0.247917
-2605.000000 0.186441
-2600.000000 0.173815
-2595.000000 0.114667
-2590.000000 0.106109
-2585.000000 0.072327
-2580.000000 0.085427
-2575.000000 0.051454
-2570.000000 0.029340
-2565.000000 0.004301
-2560.000000 0.009592
-2555.000000 0.025070
-2550.000000 0.019355
-2545.000000 0.025735
-2540.000000 0.015504
-2535.000000 0.000000
-2530.000000 0.000000
-2525.000000 0.000000
-2520.000000 0.000000
-2515.000000 0.000000
-2510.000000 0.000000
-2505.000000 0.000000
-2500.000000 0.000000
-2495.000000 0.000000
-2490.000000 0.000000
-2485.000000 0.000000
-2480.000000 0.000000
-2475.000000 0.000000
-2470.000000 0.000000
-2465.000000 0.000000
-2460.000000 0.000000
-2455.000000 0.000000
-2450.000000 0.000000
-2445.000000 0.000000
-2440.000000 0.000000
-2435.000000 0.000000
-2430.000000 0.000000
-2425.000000 0.000000
-2420.000000 0.000000
-2415.000000 0.000000
-2410.000000 0.000000
-2405.000000 0.000000
-2400.000000 0.000000
-2395.000000 0.000000
-2390.000000 0.000000
-2385.000000 0.000000
-2380.000000 0.000000
-2375.000000 0.000000
-2370.000000 0.000000
-2365.000000 0.000000
-2360.000000 0.000000
-2355.000000 0.000000
-2350.000000 nan
-2345.000000 nan
-2340.000000 nan
-2335.000000 nan
-2330.000000 nan
-2325.000000 nan
-2320.000000 nan
-2315.000000 nan
-2310.000000 nan
-2305.000000 nan
-2300.000000 nan
-2295.000000 nan
-2290.000000 nan
-2285.000000 nan
-2280.000000 nan
-2275.000000 nan
-2270.000000 nan
-2265.000000 nan
-2260.000000 nan
-2255.000000 nan
-2250.000000 nan
-2245.000000 nan
-2240.000000 0.000000
-2235.000000 0.000000
-2230.000000 0.000000
-2225.000000 0.000000
-2220.000000 0.000000
-2215.000000 0.000000
-2210.000000 0.000000
-2205.000000 0.000000
-2200.000000 0.000000
-2195.000000 0.000000
-2190.000000 0.000000
-2185.000000 0.000000
-2180.000000 0.000000
-2175.000000 0.000000
-2170.000000 0.000000
-2165.000000 0.000000
-2160.000000 0.000000
-2155.000000 0.000000
-2150.000000 0.000000
-2145.000000 0.000000
-2140.000000 0.000000
-2135.000000 0.000000
-2130.000000 0.000000
-2125.000000 0.000000
-2120.000000 0.000000
-2115.000000 0.000000
-2110.000000 0.000000
-2105.000000 0.000000
-2100.000000 0.000000
-2095.000000 0.000000
-2090.000000 0.000000
-2085.000000 0.000000
-2080.000000 0.000000
-2075.000000 0.000000
-2070.000000 0.000000
-2065.000000 0.000000
-2060.000000 0.000000
-2055.000000 0.000000
-2050.000000 0.000000
-2045.000000 0.000000
-2040.000000 0.000000
-2035.000000 0.000000
-2030.000000 0.000000
-2025.000000 0.000000

-2815.000000 0.000000
-2810.000000 0.000000
-2805.000000 0.000000
-2800.000000 0.000000
-2795.000000 0.000000
-2790.000000 0.000000
-2785.000000 0.000000
-2780.000000 0.000000
-2775.000000 0.000000
-2770.000000 0.000000
-2765.000000 0.000000
-2760.000000 0.000000
-2755.000000 0.000000
-2750.000000 0.000000
-2745.000000 0.000000
-2740.000000 0.000000
-2735.000000 0.000000
-2730.000000 0.000000
-2725.000000 0.000000
-2720.000000 0.000000
-2715.000000 0.000000
-2710.000000 0.000000
-2705.000000 0.000000
-2700.000000 0.000000
-2695.000000 0.005338
-2690.000000 0.010020
-2685.000000 0.018000
-2680.000000 0.006048
-2675.000000 0.000000
-2670.000000 0.004515
-2665.000000 0.072805
-2660.000000 0.097656
-2655.000000 0.085661
-2650.000000 0.082105
-2645.000000 0.096629
-2640.000000 0.194332
-2635.000000 0.237805
-2630.000000 0.334928
-2625.000000 0.449367
-2620.000000 0.464015
-2615.000000 0.502415
-2610.000000 0.477083
-2605.000000 0.487288
-2600.000000 0.442438
-2595.000000 0.442667
-2590.000000 0.434084
-2585.000000 0.367925
-2580.000000 0.326633
-2575.000000 0.315436
-2570.000000 0.249389
-2565.000000 0.180645
-2560.000000 0.184652
-2555.000000 0.169916
-2550.000000 0.135484
-2545.000000 0.062500
-2540.000000 0.038760
-2535.000000 0.035433
-2530.000000 0.003472
-2525.000000 0.000000
-2520.000000 0.000000
-2515.000000 0.000000
-2510.000000 0.000000
-2505.000000 0.000000
-2500.000000 0.000000
-2495.000000 0.000000
-2490.000000 0.000000
-2485.000000 0.000000
-2480.000000 0.000000
-2475.000000 0.000000
-2470.000000 0.000000
-2465.000000 0.000000
-2460.000000 0.000000
-2455.000000 0.000000
-2450.000000 0.000000
-2445.000000 0.000000
-2440.000000 0.000000
-2435.000000 0.000000
-2430.000000 0.000000
-2425.000000 0.000000
-2420.000000 0.000000
-2415.000000 0.000000
-2410.000000 0.000000
-2405.000000 0.000000
-2400.000000 0.000000
-2395.000000 0.000000
-2390.000000 0.000000
-2385.000000 0.000000
-2380.000000 0.000000
-2375.000000 0.000000
-2370.000000 0.000000
-2365.000000 0.000000
-2360.000000 0.000000
-2355.000000 0.000000
-2350.000000 nan
-2345.000000 nan
-2340.000000 nan
-2335.000000 nan
-2330.000000 nan
-2325.000000 nan
-2320.000000 nan
-2315.000000 nan
-2310.000000 nan
-2305.000000 nan
-2300.000000 nan
-2295.000000 nan
-2290.000000 nan
-2285.000000 nan
-2280.000000 nan
-2275.000000 nan
-2270.000000 nan
-2265.000000 nan
-2260.000000 nan
-2255.000000 nan
-2250.000000 nan
-2245.000000 nan
-2240.000000 0.000000
-2235.000000 0.000000
-2230.000000 0.000000
-2225.000000 0.000000
-2220.000000 0.000000
-2215.000000 0.000000
-2210.000000 0.000000
-2205.000000 0.000000
-2200.000000 0.000000
-2195.000000 0.000000
-2190.000000 0.000000
-2185.000000 0.000000
-2180.000000 0.000000
-2175.000000 0.000000
-2170.000000 0.000000
-2165.000000 0.000000
-2160.000000 0.000000
-2155.000000 0.000000
-2150.000000 0.000000
-2145.000000 0.000000
-2140.000000 0.000000
-2135.000000 0.000000
-2130.000000 0.000000
-2125.000000 0.000000
-2120.000000 0.000000
-2115.000000 0.000000
-2110.000000 0.000000
-2105.000000 0.000000
-2100.000000 0.000000
-2095.000000 0.000000
-2090.000000 0.000000
-2085.000000 0.000000
-2080.000000 0.000000
-2075.000000 0.000000
-2070.000000 0.000000
-2065.000000 0.000000
-2060.000000 0.000000
-2055.000000 0.000000
-2050.000000 0.000000
-2045.000000 0.000000
-2040.000000 0.000000
-2035.000000 0.000000
-2030.000000 0.000000
-2025.000000 0.000000

-2815.000000 0.000000
-2810.000000 0.000000
-2805.000000 0.000000
-2800.000000 0.000000
-2795.000000 0.000000
-2790.000000 0.000000
-2785.000000 0.000000
-2780.000000 0.000000
-2775.000000 0.000000
-2770.000000 0.000000
-2765.000000 0.000000
-2760.000000 0.000000
-2755.000000 0.000000
-2750.000000 0.000000
-2745.000000 0.000000
-2740.000000 0.000000
-2735.000000 0.000000
-2730.000000 0.000000
-2725.000000 0.000000
-2720.000000 0.000000
-2715.000000 0.000000
-2710.000000 0.000000
-2705.000000 0.000000
-2700.000000 0.000000
-2695.000000 0.000000
-2690.000000 0.000000
-2685.000000 0.000000
-2680.000000 0.000000
-2675.000000 0.000000
-2670.000000 0.000000
-2665.000000 0.000000
-2660.000000 0.001953
-2655.000000 0.007449
-2650.000000 0.006316
-2645.000000 0.008989
-2640.000000 0.002024
-2635.000000 0.016260
-2630.000000 0.028708
-2625.000000 0.050633
-2620.000000 0.073864
-2615.000000 0.123188
-2610.000000 0.195833
-2605.000000 0.250000
-2600.000000 0.306998
-2595.000000 0.397333
-2590.000000 0.395498
-2585.000000 0.459119
-2580.000000 0.494975
-2575.000000 0.505593
-2570.000000 0.572127
-2565.000000 0.621505
-2560.000000 0.474820
-2555.000000 0.442897
-2550.000000 0.454839
-2545.000000 0.330882
-2540.000000 0.325581
-2535.000000 0.283465
-2530.000000 0.246528
-2525.000000 0.250000
-2520.000000 0.268293
-2515.000000 0.255892
-2510.000000 0.138801
-2505.000000 0.107407
-2500.000000 0.032895
-2495.000000 0.062745
-2490.000000 0.019608
-2485.000000 0.004808
-2480.000000 0.017699
-2475.000000 0.010989
-2470.000000 0.084746
-2465.000000 0.005917
-2460.000000 0.000000
-2455.000000 0.000000
-2450.000000 0.000000
-2445.000000 0.000000
-2440.000000 0.000000
-2435.000000 0.000000
-2430.000000 0.000000
-2425.000000 0.000000
-2420.000000 0.000000
-2415.000000 0.000000
-2410.000000 0.000000
-2405.000000 0.000000
-2400.000000 0.000000
-2395.000000 0.000000
-2390.000000 0.000000
-2385.000000 0.000000
-2380.000000 0.000000
-2375.000000 0.000000
-2370.000000 0.000000
-2365.000000 0.000000
-2360.000000 0.000000
-2355.000000 0.000000
-2350.000000 nan
-2345.000000 nan
-2340.000000 nan
-2335.000000 nan
-2330.000000 nan
-2325.000000 nan
-2320.000000 nan
-2315.000000 nan
-2310.000000 nan
-2305.000000 nan
-2300.000000 nan
-2295.000000 nan
-2290.000000 nan
-2285.000000 nan
-2280.000000 nan
-2275.000000 nan
-2270.000000 nan
-2265.000000 nan
-2260.000000 nan
-2255.000000 nan
-2250.000000 nan
-2245.000000 nan
-2240.000000 0.000000
-2235.000000 0.000000
-2230.000000 0.000000
-2225.000000 0.000000
-2220.000000 0.000000
-2215.000000 0.000000
-2210.000000 0.000000
-2205.000000 0.000000
-2200.000000 0.000000
-2195.000000 0.000000
-2190.000000 0.000000
-2185.000000 0.000000
-2180.000000 0.000000
-2175.000000 0.000000
-2170.000000 0.000000
-2165.000000 0.000000
-2160.000000 0.000000
-2155.000000 0.000000
-2150.000000 0.000000
-2145.000000 0.000000
-2140.000000 0.000000
-2135.000000 0.000000
-2130.000000 0.000000
-2125.000000 0.000000
-2120.000000 0.000000
-2115.000000 0.000000
-2110.000000 0.000000
-2105.000000 0.000000
-2100.000000 0.000000
-2095.000000 0.000000
-2090.000000 0.000000
-2085.000000 0.000000
-2080.000000 0.000000
-2075.000000 0.000000
-2070.000000 0.000000
-2065.000000 0.000000
-2060.000000 0.000000
-2055.000000 0.000000
-2050.000000 0.000000
-2045.000000 0.000000
-2040.000000 0.000000
-2035.000000 0.000000
-2030.000000 0.000000
-2025.000000 0.000000

-2815.000000 0.000000
-2810.000000 0.000000
-2805.000000 0.000000
-2800.000000 0.000000
-2795.000000 0.000000
-2790.000000 0.000000
-2785.000000 0.000000
-2780.000000 0.000000
-2775.000000 0.000000
-2770.000000 0.000000
-2765.000000 0.000000
-2760.000000 0.000000
-2755.000000 0.000000
-2750.000000 0.000000
-2745.000000 0.000000
-2740.000000 0.000000
-2735.000000 0.000000
-2730.000000 0.000000
-2725.000000 0.000000
-2720.000000 0.000000
-2715.000000 0.000000
-2710.000000 0.000000
-2705.000000 0.000000
-2700.000000 0.000000
-2695.000000 0.000000
-2690.000000 0.000000
-2685.000000 0.000000
-2680.000000 0.004032
-2675.000000 0.000000
-2670.000000 0.006772
-2665.000000 0.004283
-2660.000000 0.005859
-2655.000000 0.005587
-2650.000000 0.006316
-2645.000000 0.006742
-2640.000000 0.004049
-2635.000000 0.004065
-2630.000000 0.002392
-2625.000000 0.006329
-2620.000000 0.005682
-2615.000000 0.014493
-2610.000000 0.022917
-2605.000000 0.010593
-2600.000000 0.031603
-2595.000000 0.026667
-2590.000000 0.057878
-2585.000000 0.062893
-2580.000000 0.067839
-2575.000000 0.120805
-2570.000000 0.124694
-2565.000000 0.184946
-2560.000000 0.326139
-2555.000000 0.350975
-2550.000000 0.387097
-2545.000000 0.577206
-2540.000000 0.608527
-2535.000000 0.669291
-2530.000000 0.711806
-2525.000000 0.599138
-2520.000000 0.613821
-2515.000000 0.545455
-2510.000000 0.611987
-2505.000000 0.529630
-2500.000000 0.490132
-2495.000000 0.400000
-2490.000000 0.490196
-2485.000000 0.490385
-2480.000000 0.318584
-2475.000000 0.313187
-2470.000000 0.293785
-2465.000000 0.201183
-2460.000000 0.147727
-2455.000000 0.134409
-2450.000000 0.125786
-2445.000000 0.125000
-2440.000000 0.025478
-2435.000000 0.000000
-2430.000000 0.000000
-2425.000000 0.027027
-2420.000000 0.049383
-2415.000000 0.079545
-2410.000000 0.160714
-2405.000000 0.237288
-2400.000000 0.072727
-2395.000000 0.000000
-2390.000000 0.000000
-2385.000000 0.000000
-2380.000000 0.000000
-2375.000000 0.000000
-2370.000000 0.000000
-2365.000000 0.000000
-2360.000000 0.000000
-2355.000000 0.000000
-2350.000000 nan
-2345.000000 nan
-2340.000000 nan
-2335.000000 nan
-2330.000000 nan
-2325.000000 nan
-2320.000000 nan
-2315.000000 nan
-2310.000000 nan
-2305.000000 nan
-2300.000000 nan
-2295.000000 nan
-2290.000000 nan
-2285.000000 nan
-2280.000000 nan
-2275.000000 nan
-2270.000000 nan
-2265.000000 nan
-2260.000000 nan
-2255.000000 nan
-2250.000000 nan
-2245.000000 nan
-2240.000000 0.000000
-2235.000000 0.000000
-2230.000000 0.000000
-2225.000000 0.000000
-2220.000000 0.000000
-2215.000000 0.000000
-2210.000000 0.000000
-2205.000000 0.000000
-2200.000000 0.000000
-2195.000000 0.000000
-2190.000000 0.000000
-2185.000000 0.000000
-2180.000000 0.000000
-2175.000000 0.000000
-2170.000000 0.000000
-2165.000000 0.000000
-2160.000000 0.000000
-2155.000000 0.000000
-2150.000000 0.000000
-2145.000000 0.000000
-2140.000000 0.000000
-2135.000000 0.000000
-2130.000000 0.000000
-2125.000000 0.000000
-2120.000000 0.000000
-2115.000000 0.000000
-2110.000000 0.000000
-2105.000000 0.000000
-2100.000000 0.000000
-2095.000000 0.000000
-2090.000000 0.000000
-2085.000000 0.000000
-2080.000000 0.000000
-2075.000000 0.000000
-2070.000000 0.000000
-2065.000000 0.000000
-2060.000000 0.000000
-2055.000000 0.000000
-2050.000000 0.000000
-2045.000000 0.000000
-2040.000000 0.000000
-2035.000000 0.000000
-2030.000000 0.000000
-2025.000000 0.000000

-2815.000000 0.000000
-2810.000000 0.000000
-2805.000000 0.000000
-2800.000000 0.000000
-2795.000000 0.000000
-2790.000000 0.000000
-2785.000000 0.000000
-2780.000000 0.000000
-2775.000000 0.000000
-2770.000000 0.000000
-2765.000000 0.000000
-2760.000000 0.000000
-2755.000000 0.000000
-2750.000000 0.000000
-2745.000000 0.000000
-2740.000000 0.000000
-2735.000000 0.000000
-2730.000000 0.000000
-2725.000000 0.000000
-2720.000000 0.003937
-2715.000000 0.012195
-2710.000000 0.002169
-2705.000000 0.005587
-2700.000000 0.001821
-2695.000000 0.003559
-2690.000000 0.002004
-2685.000000 0.006000
-2680.000000 0.002016
-2675.000000 0.000000
-2670.000000 0.000000
-2665.000000 0.000000
-2660.000000 0.000000
-2655.000000 0.000000
-2650.000000 0.010526
-2645.000000 0.008989
-2640.000000 0.008097
-2635.000000 0.002033
-2630.000000 0.009569
-2625.000000 0.004219
-2620.000000 0.000000
-2615.000000 0.000000
-2610.000000 0.000000
-2605.000000 0.000000
-2600.000000 0.000000
-2595.000000 0.000000
-2590.000000 0.000000
-2585.000000 0.028302
-2580.000000 0.012563
-2575.000000 0.006711
-2570.000000 0.022005
-2565.000000 0.008602
-2560.000000 0.004796
-2555.000000 0.011142
-2550.000000 0.003226
-2545.000000 0.003676
-2540.000000 0.011628
-2535.000000 0.011811
-2530.000000 0.038194
-2525.000000 0.150862
-2520.000000 0.117886
-2515.000000 0.198653
-2510.000000 0.249211
-2505.000000 0.362963
-2500.000000 0.476974
-2495.000000 0.537255
-2490.000000 0.490196
-2485.000000 0.504808
-2480.000000 0.663717
-2475.000000 0.675824
-2470.000000 0.621469
-2465.000000 0.792899
-2460.000000 0.852273
-2455.000000 0.865591
-2450.000000 0.874214
-2445.000000 0.875000
-2440.000000 0.974522
-2435.000000 1.000000
-2430.000000 1.000000
-2425.000000 0.972973
-2420.000000 0.950617
-2415.000000 0.920455
-2410.000000 0.839286
-2405.000000 0.762712
-2400.000000 0.927273
-2395.000000 1.000000
-2390.000000 1.000000
-2385.000000 1.000000
-2380.000000 1.000000
-2375.000000 1.000000
-2370.000000 1.000000
-2365.000000 1.000000
-2360.000000 1.000000
-2355.000000 1.000000
-2350.000000 nan
-2345.000000 nan
-2340.000000 nan
-2335.000000 nan
-2330.000000 nan
-2325.000000 nan
-2320.000000 nan
-2315.000000 nan
-2310.000000 nan
-2305.000000 nan
-2300.000000 nan
-2295.000000 nan
-2290.000000 nan
-2285.000000 nan
-2280.000000 nan
-2275.000000 nan
-2270.000000 nan
-2265.000000 nan
-2260.000000 nan
-2255.000000 nan
-2250.000000 nan
-2245.000000 nan
-2240.000000 0.000000
-2235.000000 0.000000
-2230.000000 0.000000
-2225.000000 0.000000
-2220.000000 0.000000
-2215.000000 0.000000
-2210.000000 0.000000
-2205.000000 0.000000
-2200.000000 0.000000
-2195.000000 0.000000
-2190.000000 0.000000
-2185.000000 0.000000
-2180.000000 0.000000
-2175.000000 0.000000
-2170.000000 0.000000
-2165.000000 0.000000
-2160.000000 0.000000
-2155.000000 0.000000
-2150.000000 0.000000
-2145.000000 0.000000
-2140.000000 0.000000
-2135.000000 0.000000
-2130.000000 0.000000
-2125.000000 0.000000
-2120.000000 0.000000
-2115.000000 0.000000
-2110.000000 0.000000
-2105.000000 0.000000
-2100.000000 0.000000
-2095.000000 0.000000
-2090.000000 0.000000
-2085.000000 0.000000
-2080.000000 0.000000
-2075.000000 0.000000
-2070.000000 0.000000
-2065.000000 0.000000
-2060.000000 0.000000
-2055.000000 0.000000
-2050.000000 0.000000
-2045.000000 0.000000
-2040.000000 0.000000
-2035.000000 0.000000
-2030.000000 0.000000
-2025.000000 0.000000

-2815.000000 0.000000
-2810.000000 0.000000
-2805.000000 0.000000
-2800.000000 0.000000
-2795.000000 0.000000
-2790.000000 0.000000
-2785.000000 0.000000
-2780.000000 0.000000
-2775.000000 0.000000
-2770.000000 0.000000
-2765.000000 0.000000
-2760.000000 0.000000
-2755.000000 0.000000
-2750.000000 0.000000
-2745.000000 0.000000
-2740.000000 0.000000
-2735.000000 0.000000
-2730.000000 0.000000
-2725.000000 0.000000
-2720.000000 0.000000
-2715.000000 0.000000
-2710.000000 0.000000
-2705.000000 0.000000
-2700.000000 0.000000
-2695.000000 0.000000
-2690.000000 0.000000
-2685.000000 0.000000
-2680.000000 0.000000
-2675.000000 0.000000
-2670.000000 0.000000
-2665.000000 0.000000
-2660.000000 0.000000
-2655.000000 0.000000
-2650.000000 0.000000
-2645.000000 0.000000
-2640.000000 0.000000
-2635.000000 0.000000
-2630.000000 0.000000
-2625.000000 0.000000
-2620.000000 0.000000
-2615.000000 0.000000
-2610.000000 0.000000
-2605.000000 0.000000
-2600.000000 0.000000
-2595.000000 0.000000
-2590.000000 0.000000
-2585.000000 0.000000
-2580.000000 0.000000
-2575.000000 0.000000
-2570.000000 0.000000
-2565.000000 0.000000
-2560.000000 0.000000
-2555.000000 0.000000
-2550.000000 0.000000
-2545.000000 0.000000
-2540.000000 0.000000
-2535.000000 0.000000
-2530.000000 0.000000
-2525.000000 0.000000
-2520.000000 0.000000
-2515.000000 0.000000
-2510.000000 0.000000
-2505.000000 0.000000
-2500.000000 0.000000
-2495.000000 0.000000
-2490.000000 0.000000
-2485.000000 0.000000
-2480.000000 0.000000
-2475.000000 0.000000
-2470.000000 0.000000
-2465.000000 0.000000
-2460.000000 0.000000
-2455.000000 0.000000
-2450.000000 0.000000
-2445.000000 0.000000
-2440.000000 0.000000
-2435.000000 0.000000
-2430.000000 0.000000
-2425.000000 0.000000
-2420.000000 0.000000
-2415.000000 0.000000
-2410.000000 0.000000
-2405.000000 0.000000
-2400.000000 0.000000
-2395.000000 0.000000
-2390.000000 0.000000
-2385.000000 0.000000
-2380.000000 0.000000
-2375.000000 0.000000
-2370.000000 0.000000
-2365.000000 0.000000
-2360.000000 0.000000
-2355.000000 0.000000
-2350.000000 nan
-2345.000000 nan
-2340.000000 nan
-2335.000000 nan
-2330.000000 nan
-2325.000000 nan
-2320.000000 nan
-2315.000000 nan
-2310.000000 nan
-2305.000000 nan
-2300.000000 nan
-2295.000000 nan
-2290.000000 nan
-2285.000000 nan
-2280.000000 nan
-2275.000000 nan
-2270.000000 nan
-2265.000000 nan
-2260.000000 nan
-2255.000000 nan
-2250.000000 nan
-2245.000000 nan
-2240.000000 1.000000
-2235.000000 1.000000
-2230.000000 1.000000
-2225.000000 1.000000
-2220.000000 1.000000
-2215.000000 1.000000
-2210.000000 0.914286
-2205.000000 0.823529
-2200.000000 0.731343
-2195.000000 0.835616
-2190.000000 0.889610
-2185.000000 0.917160
-2180.000000 0.859438
-2175.000000 0.827338
-2170.000000 0.816393
-2165.000000 0.640927
-2160.000000 0.616279
-2155.000000 0.536913
-2150.000000 0.547703
-2145.000000 0.578431
-2140.000000 0.479651
-2135.000000 0.482558
-2130.000000 0.334247
-2125.000000 0.294798
-2120.000000 0.252226
-2115.000000 0.212121
-2110.000000 0.087629
-2105.000000 0.074879
-2100.000000 0.040000
-2095.000000 0.058282
-2090.000000 0.064103
-2085.000000 0.024129
-2080.000000 0.014006
-2075.000000 0.008000
-2070.000000 0.003049
-2065.000000 0.013158
-2060.000000 0.014815
-2055.000000 0.015936
-2050.000000 0.010417
-2045.000000 0.024242
-2040.000000 0.007979
-2035.000000 0.012165
-2030.000000 0.004348
-2025.000000 0.004854

-2815.000000 0.000000
-2810.000000 0.000000
-2805.000000 0.000000
-2800.000000 0.000000
-2795.000000 0.000000
-2790.000000 0.000000
-2785.000000 0.000000
-2780.000000 0.000000
-2775.000000 0.000000
-2770.000000 0.000000
-2765.000000 0.000000
-2760.000000 0.000000
-2755.000000 0.000000
-2750.000000 0.000000
-2745.000000 0.000000
-2740.000000 0.000000
-2735.000000 0.000000
-2730.000000 0.000000
-2725.000000 0.000000
-2720.000000 0.000000
-2715.000000 0.000000
-2710.000000 0.000000
-2705.000000 0.000000
-2700.000000 0.000000
-2695.000000 0.000000
-2690.000000 0.000000
-2685.000000 0.000000
-2680.000000 0.000000
-2675.000000 0.000000
-2670.000000 0.000000
-2665.000000 0.000000
-2660.000000 0.000000
-2655.000000 0.000000
-2650.000000 0.000000
-2645.000000 0.000000
-2640.000000 0.000000
-2635.000000 0.000000
-2630.000000 0.000000
-2625.000000 0.000000
-2620.000000 0.000000
-2615.000000 0.000000
-2610.000000 0.000000
-2605.000000 0.000000
-2600.000000 0.000000
-2595.000000 0.000000
-2590.000000 0.000000
-2585.000000 0.000000
-2580.000000 0.000000
-2575.000000 0.000000
-2570.000000 0.000000
-2565.000000 0.000000
-2560.000000 0.000000
-2555.000000 0.000000
-2550.000000 0.000000
-2545.000000 0.000000
-2540.000000 0.000000
-2535.000000 0.000000
-2530.000000 0.000000
-2525.000000 0.000000
-2520.000000 0.000000
-2515.000000 0.000000
-2510.000000 0.000000
-2505.000000 0.000000
-2500.000000 0.000000
-2495.000000 0.000000
-2490.000000 0.000000
-2485.000000 0.000000
-2480.000000 0.000000
-2475.000000 0.000000
-2470.000000 0.000000
-2465.000000 0.000000
-2460.000000 0.000000
-2455.000000 0.000000
-2450.000000 0.000000
-2445.000000 0.000000
-2440.000000 0.000000
-2435.000000 0.000000
-2430.000000 0.000000
-2425.000000 0.000000
-2420.000000 0.000000
-2415.000000 0.000000
-2410.000000 0.000000
-2405.000000 0.000000
-2400.000000 0.000000
-2395.000000 0.000000
-2390.000000 0.000000
-2385.000000 0.000000
-2380.000000 0.000000
-2375.000000 0.000000
-2370.000000 0.000000
-2365.000000 0.000000
-2360.000000 0.000000
-2355.000000 0.000000
-2350.000000 nan
-2345.000000 nan
-2340.000000 nan
-2335.000000 nan
-2330.000000 nan
-2325.000000 nan
-2320.000000 nan
-2315.000000 nan
-2310.000000 nan
-2305.000000 nan
-2300.000000 nan
-2295.000000 nan
-2290.000000 nan
-2285.000000 nan
-2280.000000 nan
-2275.000000 nan
-2270.000000 nan
-2265.000000 nan
-2260.000000 nan
-2255.000000 nan
-2250.000000 nan
-2245.000000 nan
-2240.000000 0.000000
-2235.000000 0.000000
-2230.000000 0.000000
-2225.000000 0.000000
-2220.000000 0.000000
-2215.000000 0.000000
-2210.000000 0.085714
-2205.000000 0.176471
-2200.000000 0.268657
-2195.000000 0.164384
-2190.000000 0.110390
-2185.000000 0.082840
-2180.000000 0.140562
-2175.000000 0.172662
-2170.000000 0.183607
-2165.000000 0.359073
-2160.000000 0.379845
-2155.000000 0.412752
-2150.000000 0.406360
-2145.000000 0.385621
-2140.000000 0.485465
-2135.000000 0.389535
-2130.000000 0.528767
-2125.000000 0.502890
-2120.000000 0.498516
-2115.000000 0.380165
-2110.000000 0.461340
-2105.000000 0.461353
-2100.000000 0.397143
-2095.000000 0.340491
-2090.000000 0.349359
-2085.000000 0.302949
-2080.000000 0.240896
-2075.000000 0.285333
-2070.000000 0.213415
-2065.000000 0.092105
-2060.000000 0.062963
-2055.000000 0.107570
-2050.000000 0.027778
-2045.000000 0.021212
-2040.000000 0.015957
-2035.000000 0.017032
-2030.000000 0.019565
-2025.000000 0.041262

-2815.000000 0.000000
-2810.000000 0.000000
-2805.000000 0.000000
-2800.000000 0.000000
-2795.000000 0.000000
-2790.000000 0.000000
-2785.000000 0.000000
-2780.000000 0.000000
-2775.000000 0.000000
-2770.000000 0.000000
-2765.000000 0.000000
-2760.000000 0.000000
-2755.000000 0.000000
-2750.000000 0.000000
-2745.000000 0.000000
-2740.000000 0.000000
-2735.000000 0.000000
-2730.000000 0.000000
-2725.000000 0.000000
-2720.000000 0.000000
-2715.000000 0.000000
-2710.000000 0.000000
-2705.000000 0.000000
-2700.000000 0.000000
-2695.000000 0.000000
-2690.000000 0.000000
-2685.000000 0.000000
-2680.000000 0.000000
-2675.000000 0.000000
-2670.000000 0.000000
-2665.000000 0.000000
-2660.000000 0.000000
-2655.000000 0.000000
-2650.000000 0.000000
-2645.000000 0.000000
-2640.000000 0.000000
-2635.000000 0.000000
-2630.000000 0.000000
-2625.000000 0.000000
-2620.000000 0.000000
-2615.000000 0.000000
-2610.000000 0.000000
-2605.000000 0.000000
-2600.000000 0.000000
-2595.000000 0.000000
-2590.000000 0.000000
-2585.000000 0.000000
-2580.000000 0.000000
-2575.000000 0.000000
-2570.000000 0.000000
-2565.000000 0.000000
-2560.000000 0.000000
-2555.000000 0.000000
-2550.000000 0.000000
-2545.000000 0.000000
-2540.000000 0.000000
-2535.000000 0.000000
-2530.000000 0.000000
-2525.000000 0.000000
-2520.000000 0.000000
-2515.000000 0.000000
-2510.000000 0.000000
-2505.000000 0.000000
-2500.000000 0.000000
-2495.000000 0.000000
-2490.000000 0.000000
-2485.000000 0.000000
-2480.000000 0.000000
-2475.000000 0.000000
-2470.000000 0.000000
-2465.000000 0.000000
-2460.000000 0.000000
-2455.000000 0.000000
-2450.000000 0.000000
-2445.000000 0.000000
-2440.000000 0.000000
-2435.000000 0.000000
-2430.000000 0.000000
-2425.000000 0.000000
-2420.000000 0.000000
-2415.000000 0.000000
-2410.000000 0.000000
-2405.000000 0.000000
-2400.000000 0.000000
-2395.000000 0.000000
-2390.000000 0.000000
-2385.000000 0.000000
-2380.000000 0.000000
-2375.000000 0.000000
-2370.000000 0.000000
-2365.000000 0.000000
-2360.000000 0.000000
-2355.000000 0.000000
-2350.000000 nan
-2345.000000 nan
-2340.000000 nan
-2335.000000 nan
-2330.000000 nan
-2325.000000 nan
-2320.000000 nan
-2315.000000 nan
-2310.000000 nan
-2305.000000 nan
-2300.000000 nan
-2295.000000 nan
-2290.000000 nan
-2285.000000 nan
-2280.000000 nan
-2275.000000 nan
-2270.000000 nan
-2265.000000 nan
-2260.000000 nan
-2255.000000 nan
-2250.000000 nan
-2245.000000 nan
-2240.000000 0.000000
-2235.000000 0.000000
-2230.000000 0.000000
-2225.000000 0.000000
-2220.000000 0.000000
-2215.000000 0.000000
-2210.000000 0.000000
-2205.000000 0.000000
-2200.000000 0.000000
-2195.000000 0.000000
-2190.000000 0.000000
-2185.000000 0.000000
-2180.000000 0.000000
-2175.000000 0.000000
-2170.000000 0.000000
-2165.000000 0.000000
-2160.000000 0.003876
-2155.000000 0.046980
-2150.000000 0.021201
-2145.000000 0.009804
-2140.000000 0.029070
-2135.000000 0.095930
-2130.000000 0.098630
-2125.000000 0.173410
-2120.000000 0.216617
-2115.000000 0.385675
-2110.000000 0.394330
-2105.000000 0.391304
-2100.000000 0.454286
-2095.000000 0.426380
-2090.000000 0.493590
-2085.000000 0.487936
-2080.000000 0.453782
-2075.000000 0.416000
-2070.000000 0.533537
-2065.000000 0.516447
-2060.000000 0.488889
-2055.000000 0.450199
-2050.000000 0.420139
-2045.000000 0.318182
-2040.000000 0.281915
-2035.000000 0.214112
-2030.000000 0.182609
-2025.000000 0.191748

-2815.000000 0.000000
-2810.000000 0.000000
-2805.000000 0.000000
-2800.000000 0.000000
-2795.000000 0.000000
-2790.000000 0.000000
-2785.000000 0.000000
-2780.000000 0.000000
-2775.000000 0.000000
-2770.000000 0.000000
-2765.000000 0.000000
-2760.000000 0.000000
-2755.000000 0.000000
-2750.000000 0.000000
-2745.000000 0.000000
-2740.000000 0.000000
-2735.000000 0.000000
-2730.000000 0.000000
-2725.000000 0.000000
-2720.000000 0.000000
-2715.000000 0.000000
-2710.000000 0.000000
-2705.000000 0.000000
-2700.000000 0.000000
-2695.000000 0.000000
-2690.000000 0.000000
-2685.000000 0.000000
-2680.000000 0.000000
-2675.000000 0.000000
-2670.000000 0.000000
-2665.000000 0.000000
-2660.000000 0.000000
-2655.000000 0.000000
-2650.000000 0.000000
-2645.000000 0.000000
-2640.000000 0.000000
-2635.000000 0.000000
-2630.000000 0.000000
-2625.000000 0.000000
-2620.000000 0.000000
-2615.000000 0.000000
-2610.000000 0.000000
-2605.000000 0.000000
-2600.000000 0.000000
-2595.000000 0.000000
-2590.000000 0.000000
-2585.000000 0.000000
-2580.000000 0.000000
-2575.000000 0.000000
-2570.000000 0.000000
-2565.000000 0.000000
-2560.000000 0.000000
-2555.000000 0.000000
-2550.000000 0.000000
-2545.000000 0.000000
-2540.000000 0.000000
-2535.000000 0.000000
-2530.000000 0.000000
-2525.000000 0.000000
-2520.000000 0.000000
-2515.000000 0.000000
-2510.000000 0.000000
-2505.000000 0.000000
-2500.000000 0.000000
-2495.000000 0.000000
-2490.000000 0.000000
-2485.000000 0.000000
-2480.000000 0.000000
-2475.000000 0.000000
-2470.000000 0.000000
-2465.000000 0.000000
-2460.000000 0.000000
-2455.000000 0.000000
-2450.000000 0.000000
-2445.000000 0.000000
-2440.000000 0.000000
-2435.000000 0.000000
-2430.000000 0.000000
-2425.000000 0.000000
-2420.000000 0.000000
-2415.000000 0.000000
-2410.000000 0.000000
-2405.000000 0.000000
-2400.000000 0.000000
-2395.000000 0.000000
-2390.000000 0.000000
-2385.000000 0.000000
-2380.000000 0.000000
-2375.000000 0.000000
-2370.000000 0.000000
-2365.000000 0.000000
-2360.000000 0.000000
-2355.000000 0.000000
-2350.000000 nan
-2345.000000 nan
-2340.000000 nan
-2335.000000 nan
-2330.000000 nan
-2325.000000 nan
-2320.000000 nan
-2315.000000 nan
-2310.000000 nan
-2305.000000 nan
-2300.000000 nan
-2295.000000 nan
-2290.000000 nan
-2285.000000 nan
-2280.000000 nan
-2275.000000 nan
-2270.000000 nan
-2265.000000 nan
-2260.000000 nan
-2255.000000 nan
-2250.000000 nan
-2245.000000 nan
-2240.000000 0.000000
-2235.000000 0.000000
-2230.000000 0.000000
-2225.000000 0.000000
-2220.000000 0.000000
-2215.000000 0.000000
-2210.000000 0.000000
-2205.000000 0.000000
-2200.000000 0.000000
-2195.000000 0.000000
-2190.000000 0.000000
-2185.000000 0.000000
-2180.000000 0.000000
-2175.000000 0.000000
-2170.000000 0.000000
-2165.000000 0.000000
-2160.000000 0.000000
-2155.000000 0.003356
-2150.000000 0.024735
-2145.000000 0.026144
-2140.000000 0.005814
-2135.000000 0.031977
-2130.000000 0.038356
-2125.000000 0.028902
-2120.000000 0.032641
-2115.000000 0.008264
-2110.000000 0.043814
-2105.000000 0.048309
-2100.000000 0.082857
-2095.000000 0.098160
-2090.000000 0.067308
-2085.000000 0.150134
-2080.000000 0.257703
-2075.000000 0.264000
-2070.000000 0.225610
-2065.000000 0.351974
-2060.000000 0.385185
-2055.000000 0.394422
-2050.000000 0.493056
-2045.000000 0.472727
-2040.000000 0.513298
-2035.000000 0.447689
-2030.000000 0.458696
-2025.000000 0.441748

-2815.000000 0.000000
-2810.000000 0.000000
-2805.000000 0.000000
-2800.000000 0.000000
-2795.000000 0.000000
-2790.000000 0.000000
-2785.000000 0.000000
-2780.000000 0.000000
-2775.000000 0.000000
-2770.000000 0.000000
-2765.000000 0.000000
-2760.000000 0.000000
-2755.000000 0.000000
-2750.000000 0.000000
-2745.000000 0.000000
-2740.000000 0.000000
-2735.000000 0.000000
-2730.000000 0.000000
-2725.000000 0.000000
-2720.000000 0.000000
-2715.000000 0.000000
-2710.000000 0.000000
-2705.000000 0.000000
-2700.000000 0.000000
-2695.000000 0.000000
-2690.000000 0.000000
-2685.000000 0.000000
-2680.000000 0.000000
-2675.000000 0.000000
-2670.000000 0.000000
-2665.000000 0.000000
-2660.000000 0.000000
-2655.000000 0.000000
-2650.000000 0.000000
-2645.000000 0.000000
-2640.000000 0.000000
-2635.000000 0.000000
-2630.000000 0.000000
-2625.000000 0.000000
-2620.000000 0.000000
-2615.000000 0.000000
-2610.000000 0.000000
-2605.000000 0.000000
-2600.000000 0.000000
-2595.000000 0.000000
-2590.000000 0.000000
-2585.000000 0.000000
-2580.000000 0.000000
-2575.000000 0.000000
-2570.000000 0.000000
-2565.000000 0.000000
-2560.000000 0.000000
-2555.000000 0.000000
-2550.000000 0.000000
-2545.000000 0.000000
-2540.000000 0.000000
-2535.000000 0.000000
-2530.000000 0.000000
-2525.000000 0.000000
-2520.000000 0.000000
-2515.000000 0.000000
-2510.000000 0.000000
-2505.000000 0.000000
-2500.000000 0.000000
-2495.000000 0.000000
-2490.000000 0.000000
-2485.000000 0.000000
-2480.000000 0.000000
-2475.000000 0.000000
-2470.000000 0.000000
-2465.000000 0.000000
-2460.000000 0.000000
-2455.000000 0.000000
-2450.000000 0.000000
-2445.000000 0.000000
-2440.000000 0.000000
-2435.000000 0.000000
-2430.000000 0.000000
-2425.000000 0.000000
-2420.000000 0.000000
-2415.000000 0.000000
-2410.000000 0.000000
-2405.000000 0.000000
-2400.000000 0.000000
-2395.000000 0.000000
-2390.000000 0.000000
-2385.000000 0.000000
-2380.000000 0.000000
-2375.000000 0.000000
-2370.000000 0.000000
-2365.000000 0.000000
-2360.000000 0.000000
-2355.000000 0.000000
-2350.000000 nan
-2345.000000 nan
-2340.000000 nan
-2335.000000 nan
-2330.000000 nan
-2325.000000 nan
-2320.000000 nan
-2315.000000 nan
-2310.000000 nan
-2305.000000 nan
-2300.000000 nan
-2295.000000 nan
-2290.000000 nan
-2285.000000 nan
-2280.000000 nan
-2275.000000 nan
-2270.000000 nan
-2265.000000 nan
-2260.000000 nan
-2255.000000 nan
-2250.000000 nan
-2245.000000 nan
-2240.000000 0.000000
-2235.000000 0.000000
-2230.000000 0.000000
-2225.000000 0.000000
-2220.000000 0.000000
-2215.000000 0.000000
-2210.000000 0.000000
-2205.000000 0.000000
-2200.000000 0.000000
-2195.000000 0.000000
-2190.000000 0.000000
-2185.000000 0.000000
-2180.000000 0.000000
-2175.000000 0.000000
-2170.000000 0.000000
-2165.000000 0.000000
-2160.000000 0.000000
-2155.000000 0.000000
-2150.000000 0.000000
-2145.000000 0.000000
-2140.000000 0.000000
-2135.000000 0.000000
-2130.000000 0.000000
-2125.000000 0.000000
-2120.000000 0.000000
-2115.000000 0.013774
-2110.000000 0.012887
-2105.000000 0.024155
-2100.000000 0.020000
-2095.000000 0.042945
-2090.000000 0.016026
-2085.000000 0.029491
-2080.000000 0.030812
-2075.000000 0.024000
-2070.000000 0.024390
-2065.000000 0.026316
-2060.000000 0.048148
-2055.000000 0.031873
-2050.000000 0.048611
-2045.000000 0.163636
-2040.000000 0.180851
-2035.000000 0.289538
-2030.000000 0.313043
-2025.000000 0.315534

-2815.000000 0.000000
-2810.000000 0.000000
-2805.000000 0.000000
-2800.000000 0.000000
-2795.000000 0.000000
-2790.000000 0.000000
-2785.000000 0.000000
-2780.000000 0.000000
-2775.000000 0.000000
-2770.000000 0.000000
-2765.000000 0.000000
-2760.000000 0.000000
-2755.000000 0.000000
-2750.000000 0.000000
-2745.000000 0.000000
-2740.000000 0.000000
-2735.000000 0.000000
-2730.000000 0.000000
-2725.000000 0.000000
-2720.000000 0.000000
-2715.000000 0.000000
-2710.000000 0.000000
-2705.000000 0.000000
-2700.000000 0.000000
-2695.000000 0.000000
-2690.000000 0.000000
-2685.000000 0.000000
-2680.000000 0.000000
-2675.000000 0.000000
-2670.000000 0.000000
-2665.000000 0.000000
-2660.000000 0.000000
-2655.000000 0.000000
-2650.000000 0.000000
-2645.000000 0.000000
-2640.000000 0.000000
-2635.000000 0.000000
-2630.000000 0.000000
-2625.000000 0.000000
-2620.000000 0.000000
-2615.000000 0.000000
-2610.000000 0.000000
-2605.000000 0.000000
-2600.000000 0.000000
-2595.000000 0.000000
-2590.000000 0.000000
-2585.000000 0.000000
-2580.000000 0.000000
-2575.000000 0.000000
-2570.000000 0.000000
-2565.000000 0.000000
-2560.000000 0.000000
-2555.000000 0.000000
-2550.000000 0.000000
-2545.000000 0.000000
-2540.000000 0.000000
-2535.000000 0.000000
-2530.000000 0.000000
-2525.000000 0.000000
-2520.000000 0.000000
-2515.000000 0.000000
-2510.000000 0.000000
-2505.000000 0.000000
-2500.000000 0.000000
-2495.000000 0.000000
-2490.000000 0.000000
-2485.000000 0.000000
-2480.000000 0.000000
-2475.000000 0.000000
-2470.000000 0.000000
-2465.000000 0.000000
-2460.000000 0.000000
-2455.000000 0.000000
-2450.000000 0.000000
-2445.000000 0.000000
-2440.000000 0.000000
-2435.000000 0.000000
-2430.000000 0.000000
-2425.000000 0.000000
-2420.000000 0.000000
-2415.000000 0.000000
-2410.000000 0.000000
-2405.000000 0.000000
-2400.000000 0.000000
-2395.000000 0.000000
-2390.000000 0.000000
-2385.000000 0.000000
-2380.000000 0.000000
-2375.000000 0.000000
-2370.000000 0.000000
-2365.000000 0.000000
-2360.000000 0.000000
-2355.000000 0.000000
-2350.000000 nan
-2345.000000 nan
-2340.000000 nan
-2335.000000 nan
-2330.000000 nan
-2325.000000 nan
-2320.000000 nan
-2315.000000 nan
-2310.000000 nan
-2305.000000 nan
-2300.000000 nan
-2295.000000 nan
-2290.000000 nan
-2285.000000 nan
-2280.000000 nan
-2275.000000 nan
-2270.000000 nan
-2265.000000 nan
-2260.000000 nan
-2255.000000 nan
-2250.000000 nan
-2245.000000 nan
-2240.000000 0.000000
-2235.000000 0.000000
-2230.000000 0.000000
-2225.000000 0.000000
-2220.000000 0.000000
-2215.000000 0.000000
-2210.000000 0.000000
-2205.000000 0.000000
-2200.000000 0.000000
-2195.000000 0.000000
-2190.000000 0.000000
-2185.000000 0.000000
-2180.000000 0.000000
-2175.000000 0.000000
-2170.000000 0.000000
-2165.000000 0.000000
-2160.000000 0.000000
-2155.000000 0.000000
-2150.000000 0.000000
-2145.000000 0.000000
-2140.000000 0.000000
-2135.000000 0.000000
-2130.000000 0.000000
-2125.000000 0.000000
-2120.000000 0.000000
-2115.000000 0.000000
-2110.000000 0.000000
-2105.000000 0.000000
-2100.000000 0.005714
-2095.000000 0.033742
-2090.000000 0.009615
-2085.000000 0.005362
-2080.000000 0.002801
-2075.000000 0.002667
-2070.000000 0.000000
-2065.000000 0.000000
-2060.000000 0.000000
-2055.000000 0.000000
-2050.000000 0.000000
-2045.000000 0.000000
-2040.000000 0.000000
-2035.000000 0.019465
-2030.000000 0.021739
-2025.000000 0.004854

